55.8461990356445
0.402662873268127
57.8848266601563
56.9296646118164
56.1507873535156
55.228702545166
56.0204887390137
66.7259979248047
65.3420944213867
65.2656478881836
66.1999816894531
0.660899698734283
56.2973327636719
57.5179290771484
0.347834497690201
0.348856598138809
0.339676439762115
0.339750468730927
0.339834183454514
0.339648723602295
0.355224877595901
47.7963905334473
30.5720653533936
0.345566272735596
0.347263038158417
48.137622833252
48.0410079956055
8.14812660217285
46.4151000976563
47.2775268554688
46.1619148254395
36.9534645080566
0.338305443525314
0.338670074939728
0.337752401828766
0.338573694229126
